24
-2  0.2 -0.2
 2  0.2 -0.2
 2  0.2  0.2
-2  0.2  0.2
-2 -0.2 -0.2
 2 -0.2 -0.2
 2 -0.2  0.2
-2 -0.2  0.2

-0.2  2 -0.2
 0.2  2 -0.2
 0.2  2  0.2
-0.2  2  0.2
-0.2 -2 -0.2
 0.2 -2 -0.2
 0.2 -2  0.2
-0.2 -2  0.2

-0.2  0.2 -2
 0.2  0.2 -2
 0.2  0.2  2
-0.2  0.2  2
-0.2 -0.2 -2
 0.2 -0.2 -2
 0.2 -0.2  2
-0.2 -0.2  2

36
1 3 2
1 4 3
5 6 7
5 7 8
5 4 1
5 8 4
3 6 2
3 7 6
5 1 2
5 2 6
3 4 8
3 8 7

9 11 10
9 12 11
13 14 15
13 15 16
13 12 9
13 16 12
11 14 10
11 15 14
13 9 10
13 10 14
11 12 16
11 16 15

17 19 18
17 20 19
21 22 23
21 23 24
21 20 17
21 24 20
19 22 18
19 23 22
21 17 18
21 18 22
19 20 24
19 24 23
